0.000000000000000000e+00
4.827548178161140680e-01
7.241364826665162013e-01
9.655164273596876789e-01
1.206896010042615819e+00
1.448275466155738656e+00
1.689654865571143638e+00
1.931034235471515981e+00
2.172413588374641602e+00
2.413792930755314980e+00
2.655172266257910252e+00
2.896551597066721939e+00
3.137930924552945644e+00
3.379310249605617322e+00
3.620689572812614276e+00
3.862068894565790167e+00
4.103448215125706788e+00
4.344827534663879831e+00
4.586206853291898256e+00
4.827586171082389299e+00
5.068965488084448801e+00
5.310344804334949487e+00
5.551724119866507934e+00
5.793103434712679523e+00
6.034482748910863670e+00
6.275862062503413163e+00
6.517241375537451198e+00
6.758620688063850857e+00
7.000000000135785605e+00
7.241379311807151886e+00
