-2.875001941341563949e-01
4.557591655185166957e+00
6.487359582302094196e+00
8.184559582477589856e+00
9.649202848002843780e+00
1.088128453189991163e+01
1.188079270709201118e+01
1.264770783918443797e+01
1.318200111244891382e+01
1.348363263162665149e+01
1.355254990139491156e+01
1.338868691931163113e+01
1.299196420872131164e+01
1.236229007441384908e+01
1.149956325503667820e+01
1.040367696651418505e+01
9.074524099284335676e+00
7.512003093653206065e+00
5.716023833139783683e+00
3.686512824003754574e+00
1.423417003368749212e+00
-1.073294270244695259e+00
-3.803629192456675412e+00
-6.767575294745551417e+00
-9.965102626659136931e+00
-1.339616779645709066e+01
-1.706071831093149527e+01
-2.095869673457129068e+01
-2.509004432404051599e+01
-2.945470394451288954e+01
